STROKE 1
170 149 1775710079.759000
165 149 1775710079.804000
165 156 1775710079.821000
165 163 1775710079.837000
165 168 1775710079.854000
166 172 1775710079.870000
170 173 1775710079.887000
173 174 1775710079.904000

STROKE 2
195 146 1775710080.060000
198 145 1775710080.120000
198 150 1775710080.137000
198 156 1775710080.154000
198 162 1775710080.171000
198 167 1775710080.187000
196 171 1775710080.204000
191 172 1775710080.220000
186 173 1775710080.237000
181 173 1775710080.253000
178 173 1775710080.270000
176 170 1775710080.286000
176 167 1775710080.303000
176 164 1775710080.320000
180 164 1775710080.336000
185 164 1775710080.353000
189 164 1775710080.370000

STROKE 3
183 118 1775710080.576000
204 143 1775710080.637000

STROKE 4
194 204 1775710080.892000
192 200 1775710081.203000

