STROKE 1
163 150 1775710082.024000
161 150 1775710082.067000
161 158 1775710082.084000
161 167 1775710082.101000
162 174 1775710082.118000
166 179 1775710082.134000
170 182 1775710082.151000
173 182 1775710082.167000

STROKE 2
191 160 1775710082.307000
195 157 1775710082.367000
195 163 1775710082.384000
195 168 1775710082.401000
195 173 1775710082.417000
195 177 1775710082.434000
192 180 1775710082.450000
187 182 1775710082.467000
181 182 1775710082.483000
177 182 1775710082.500000
174 182 1775710082.517000
173 178 1775710082.533000
173 175 1775710082.550000
175 173 1775710082.566000
178 172 1775710082.583000
182 172 1775710082.600000

STROKE 3
187 131 1775710082.773000
190 136 1775710082.833000
199 146 1775710082.850000
205 151 1775710082.866000

STROKE 4
177 203 1775710084.538000
180 202 1775710084.647000
180 203 1775710084.664000
180 205 1775710084.681000
180 205 1775710084.697000
180 205 1775710084.765000
180 204 1775710084.781000
180 205 1775710084.847000
179 205 1775710084.864000
177 206 1775710084.880000
177 207 1775710084.897000

STROKE 5
180 171 1775710085.319000
185 168 1775710085.396000
187 169 1775710085.413000

STROKE 6
178 170 1775710087.616000
183 168 1775710087.676000
187 169 1775710087.693000
189 170 1775710087.709000
190 171 1775710087.710000
194 175 1775710087.726000

