STROKE 1
132 347 1775805162.480000
132 346 1775805162.545000
132 344 1775805162.560000
132 340 1775805162.571000
132 338 1775805162.581000
132 336 1775805162.590000
132 334 1775805162.601000
134 329 1775805162.611000
135 328 1775805162.621000
137 325 1775805162.631000
139 324 1775805162.640000
142 322 1775805162.651000
146 320 1775805162.661000
149 320 1775805162.671000
151 320 1775805162.680000
157 320 1775805162.691000
159 320 1775805162.701000
160 320 1775805162.711000
162 320 1775805162.720000
165 322 1775805162.730000
167 323 1775805162.741000
167 325 1775805162.751000
168 326 1775805162.761000
169 328 1775805162.771000
170 330 1775805162.781000
170 331 1775805162.791000
170 332 1775805162.800000
170 334 1775805162.811000
170 335 1775805162.821000
170 337 1775805162.831000
170 337 1775805162.841000
169 339 1775805162.851000
168 340 1775805162.861000
168 341 1775805162.870000
167 341 1775805162.881000
166 343 1775805162.891000
165 344 1775805162.900000
164 345 1775805162.911000
163 345 1775805162.920000
162 346 1775805162.931000
161 347 1775805162.941000
160 348 1775805162.951000
158 348 1775805162.961000
158 348 1775805162.971000
156 349 1775805162.981000
155 349 1775805162.991000
152 349 1775805163.001000
150 349 1775805163.011000
148 349 1775805163.020000
147 349 1775805163.031000
143 348 1775805163.042000
140 347 1775805163.051000
138 346 1775805163.061000
136 346 1775805163.071000
133 344 1775805163.081000
131 344 1775805163.090000
130 343 1775805163.101000
129 342 1775805163.111000
128 341 1775805163.121000
127 340 1775805163.131000
126 340 1775805163.141000
126 339 1775805163.151000
125 336 1775805163.161000
124 335 1775805163.171000
124 333 1775805163.181000
123 332 1775805163.190000
123 330 1775805163.200000
122 326 1775805163.211000
122 323 1775805163.220000
122 320 1775805163.231000
122 317 1775805163.240000
122 311 1775805163.251000
123 308 1775805163.260000
124 305 1775805163.270000
125 301 1775805163.281000
127 298 1775805163.291000
128 296 1775805163.301000
129 293 1775805163.311000
133 288 1775805163.321000
134 286 1775805163.331000
135 284 1775805163.340000
136 282 1775805163.351000
140 278 1775805163.361000
141 277 1775805163.370000
142 275 1775805163.381000
144 274 1775805163.390000
147 272 1775805163.401000
149 271 1775805163.411000
151 271 1775805163.421000
153 270 1775805163.431000
157 270 1775805163.441000
158 270 1775805163.451000
160 270 1775805163.461000
161 270 1775805163.471000
163 270 1775805163.481000
164 270 1775805163.491000
164 270 1775805163.500000
165 270 1775805163.511000
166 270 1775805163.521000
166 271 1775805163.531000
167 271 1775805163.541000
167 271 1775805163.551000
167 271 1775805163.561000
168 271 1775805163.571000
168 271 1775805163.581000
168 272 1775805163.590000
168 272 1775805163.600000
168 272 1775805163.610000

STROKE 2
243 288 1775805164.477000
243 288 1775805164.575000
243 288 1775805164.590000
242 288 1775805164.600000
242 288 1775805164.611000
241 288 1775805164.621000
241 288 1775805164.631000
240 289 1775805164.641000
240 290 1775805164.650000
239 293 1775805164.660000
239 299 1775805164.671000
239 302 1775805164.681000
239 307 1775805164.691000
239 310 1775805164.700000
239 315 1775805164.710000
239 318 1775805164.720000
239 321 1775805164.730000
240 323 1775805164.741000
241 327 1775805164.750000
242 328 1775805164.760000
242 330 1775805164.771000
243 331 1775805164.781000
246 334 1775805164.790000
247 335 1775805164.801000
250 336 1775805164.811000
252 338 1775805164.821000
257 340 1775805164.830000
258 340 1775805164.840000
261 340 1775805164.850000
263 341 1775805164.861000
267 341 1775805164.870000
269 341 1775805164.880000
271 341 1775805164.890000
273 341 1775805164.901000
277 340 1775805164.911000
278 339 1775805164.920000
280 338 1775805164.930000
283 336 1775805164.941000
286 334 1775805164.950000
288 332 1775805164.960000
289 331 1775805164.970000
291 329 1775805164.980000
293 327 1775805164.990000
294 326 1775805165.000000
295 324 1775805165.009000
296 323 1775805165.021000
297 319 1775805165.030000
298 317 1775805165.040000
298 316 1775805165.050000
298 313 1775805165.060000
298 309 1775805165.070000
298 307 1775805165.081000
298 306 1775805165.090000
298 304 1775805165.100000
298 300 1775805165.111000
297 298 1775805165.120000
296 296 1775805165.130000
296 294 1775805165.140000
294 291 1775805165.151000
293 289 1775805165.160000
292 288 1775805165.170000
292 287 1775805165.181000
290 285 1775805165.190000
289 284 1775805165.201000
288 283 1775805165.210000
287 282 1775805165.221000
286 281 1775805165.230000
285 280 1775805165.240000
285 280 1775805165.251000
284 279 1775805165.260000
284 278 1775805165.270000
283 277 1775805165.280000

STROKE 3
257 337 1775805166.241000
257 337 1775805166.396000
257 335 1775805166.411000
257 334 1775805166.420000
257 331 1775805166.431000
257 330 1775805166.441000
257 328 1775805166.450000
258 327 1775805166.460000
260 324 1775805166.471000
262 322 1775805166.481000
263 321 1775805166.491000
267 318 1775805166.500000
269 318 1775805166.511000
271 317 1775805166.520000
273 317 1775805166.531000
276 316 1775805166.541000
278 316 1775805166.551000
280 316 1775805166.561000
281 316 1775805166.571000
282 316 1775805166.581000
283 316 1775805166.591000
284 316 1775805166.601000
284 316 1775805166.611000
285 318 1775805166.620000
285 318 1775805166.631000
286 319 1775805166.640000
286 320 1775805166.651000
287 321 1775805166.660000
288 322 1775805166.671000
288 322 1775805166.681000
289 323 1775805166.691000
289 324 1775805166.701000
290 324 1775805166.711000
290 324 1775805166.721000
290 325 1775805166.731000
291 325 1775805166.741000
291 325 1775805166.751000
291 326 1775805166.761000
291 326 1775805166.772000
291 326 1775805166.781000
291 326 1775805166.791000
291 327 1775805166.803000
291 327 1775805166.811000
291 327 1775805166.828000
291 327 1775805166.852000
291 328 1775805166.892000
291 328 1775805166.901000

STROKE 4
280 333 1775805167.456000
280 333 1775805167.596000
280 335 1775805167.611000
280 336 1775805167.621000
280 338 1775805167.630000
280 339 1775805167.641000
280 340 1775805167.651000
280 345 1775805167.661000
280 347 1775805167.670000
279 349 1775805167.681000
278 353 1775805167.691000
277 356 1775805167.701000
276 358 1775805167.711000
276 360 1775805167.720000
275 362 1775805167.730000
273 365 1775805167.741000
272 367 1775805167.751000
271 369 1775805167.761000
268 372 1775805167.771000
267 373 1775805167.781000
265 374 1775805167.791000
264 375 1775805167.801000
262 376 1775805167.811000
261 377 1775805167.821000
259 378 1775805167.831000
257 378 1775805167.841000
252 378 1775805167.851000
249 378 1775805167.861000
245 378 1775805167.870000
242 378 1775805167.881000
235 378 1775805167.891000
231 376 1775805167.901000
228 375 1775805167.911000
225 373 1775805167.921000
219 369 1775805167.931000
217 367 1775805167.941000
216 366 1775805167.951000
214 363 1775805167.961000
211 359 1775805167.971000
209 355 1775805167.981000
208 352 1775805167.991000
207 349 1775805168.001000
206 341 1775805168.011000
206 336 1775805168.021000
206 331 1775805168.031000
206 325 1775805168.041000
206 313 1775805168.051000
206 307 1775805168.061000
206 301 1775805168.071000
206 295 1775805168.081000
206 284 1775805168.091000
206 279 1775805168.101000
206 275 1775805168.111000
207 270 1775805168.121000
208 261 1775805168.131000
209 257 1775805168.140000
211 252 1775805168.150000
212 249 1775805168.161000
214 241 1775805168.171000
215 240 1775805168.181000
216 237 1775805168.191000
217 234 1775805168.200000
220 229 1775805168.211000
221 227 1775805168.221000
222 226 1775805168.231000
223 224 1775805168.241000
225 220 1775805168.251000
225 220 1775805168.261000
226 218 1775805168.271000
228 217 1775805168.281000
230 216 1775805168.291000
231 215 1775805168.300000
233 214 1775805168.310000
235 214 1775805168.321000
239 214 1775805168.330000
242 214 1775805168.341000
245 214 1775805168.351000
248 214 1775805168.361000
255 214 1775805168.370000
258 214 1775805168.380000
261 216 1775805168.391000
264 217 1775805168.401000
270 220 1775805168.411000
272 221 1775805168.420000
275 222 1775805168.431000
277 224 1775805168.440000
281 226 1775805168.451000
283 228 1775805168.461000
285 229 1775805168.471000
286 231 1775805168.481000
289 233 1775805168.491000
289 234 1775805168.501000
290 235 1775805168.511000
290 235 1775805168.520000
291 236 1775805168.531000
291 237 1775805168.541000
291 237 1775805168.551000
291 238 1775805168.560000

STROKE 5
295 289 1775805169.371000
295 288 1775805169.505000
295 285 1775805169.521000
296 283 1775805169.531000
297 282 1775805169.541000
298 281 1775805169.551000
300 278 1775805169.561000
301 277 1775805169.571000
302 275 1775805169.581000
304 274 1775805169.591000
307 272 1775805169.601000
308 272 1775805169.611000
309 271 1775805169.621000
311 271 1775805169.631000
313 271 1775805169.640000
314 271 1775805169.651000
314 271 1775805169.661000
315 271 1775805169.671000
316 272 1775805169.681000
317 272 1775805169.690000
317 273 1775805169.701000
318 274 1775805169.711000
319 276 1775805169.721000
320 277 1775805169.730000
321 278 1775805169.741000
322 280 1775805169.751000
324 283 1775805169.761000
325 285 1775805169.771000
326 286 1775805169.781000
326 288 1775805169.791000
327 291 1775805169.800000
328 292 1775805169.811000
328 294 1775805169.821000
329 295 1775805169.831000
329 297 1775805169.840000
329 299 1775805169.851000
329 300 1775805169.861000
329 302 1775805169.871000
329 305 1775805169.881000
329 306 1775805169.891000
329 308 1775805169.900000
329 309 1775805169.910000
329 312 1775805169.921000
329 313 1775805169.931000
329 315 1775805169.941000
329 316 1775805169.951000
329 318 1775805169.960000
329 320 1775805169.971000
329 321 1775805169.981000
328 322 1775805169.991000
327 324 1775805170.001000
327 325 1775805170.010000
327 325 1775805170.021000
326 326 1775805170.031000
325 327 1775805170.041000
325 327 1775805170.051000
325 327 1775805170.061000
325 328 1775805170.071000
324 328 1775805170.081000
324 329 1775805170.090000
324 329 1775805170.101000
324 329 1775805170.111000
323 330 1775805170.121000
323 330 1775805170.131000
323 330 1775805170.141000
323 330 1775805170.151000
323 331 1775805170.161000
323 331 1775805170.171000
322 331 1775805170.183000
322 331 1775805170.191000

STROKE 6
359 324 1775805170.733000
359 324 1775805170.871000
359 323 1775805170.881000
358 322 1775805170.891000
358 320 1775805170.901000
357 315 1775805170.911000
355 311 1775805170.921000
355 307 1775805170.931000
354 303 1775805170.941000
353 297 1775805170.951000
353 291 1775805170.960000
353 288 1775805170.971000
353 285 1775805170.981000
355 283 1775805170.990000
356 281 1775805171.001000
357 279 1775805171.011000
358 278 1775805171.021000
360 276 1775805171.031000
362 276 1775805171.041000
363 275 1775805171.051000
364 275 1775805171.061000
365 275 1775805171.070000
368 275 1775805171.081000
370 275 1775805171.091000
371 275 1775805171.101000
374 276 1775805171.111000
375 277 1775805171.121000
376 278 1775805171.131000
378 280 1775805171.140000
380 282 1775805171.151000
382 284 1775805171.161000
382 285 1775805171.171000
384 287 1775805171.181000
386 290 1775805171.191000
387 292 1775805171.200000
388 294 1775805171.211000
389 296 1775805171.221000
391 302 1775805171.231000
392 305 1775805171.241000
392 306 1775805171.251000
393 308 1775805171.260000
394 313 1775805171.270000
394 314 1775805171.281000
395 316 1775805171.291000
395 317 1775805171.300000
395 319 1775805171.310000
395 319 1775805171.320000
395 319 1775805171.331000
395 320 1775805171.341000
395 320 1775805171.351000
395 320 1775805171.361000
395 320 1775805171.381000
394 319 1775805171.391000
394 317 1775805171.401000
393 315 1775805171.411000
392 312 1775805171.421000
391 305 1775805171.431000
391 301 1775805171.441000
391 297 1775805171.451000
391 294 1775805171.461000
391 289 1775805171.471000
391 286 1775805171.480000
391 284 1775805171.491000
391 282 1775805171.500000
393 278 1775805171.511000
394 277 1775805171.521000
395 276 1775805171.531000
398 274 1775805171.541000
401 273 1775805171.551000
403 272 1775805171.561000
404 272 1775805171.571000
406 271 1775805171.581000
410 271 1775805171.591000
411 271 1775805171.601000
413 271 1775805171.611000
414 271 1775805171.621000
418 272 1775805171.630000
420 274 1775805171.641000
422 275 1775805171.651000
423 276 1775805171.661000
426 280 1775805171.671000
428 282 1775805171.681000
430 285 1775805171.691000
430 287 1775805171.701000
432 293 1775805171.711000
432 295 1775805171.721000
433 298 1775805171.731000
434 301 1775805171.741000
435 305 1775805171.750000
435 308 1775805171.760000
435 310 1775805171.771000
435 311 1775805171.780000
435 314 1775805171.790000
435 315 1775805171.801000
434 317 1775805171.811000
433 317 1775805171.821000
431 319 1775805171.831000
430 319 1775805171.841000
429 320 1775805171.851000
428 320 1775805171.861000
427 321 1775805171.871000
427 321 1775805171.881000
427 321 1775805171.891000
427 322 1775805171.909000

STROKE 7
408 273 1775805172.841000
408 273 1775805172.955000
407 273 1775805172.970000
405 273 1775805172.980000
405 273 1775805172.991000
403 273 1775805173.001000
402 273 1775805173.011000
398 272 1775805173.021000
395 271 1775805173.031000
393 269 1775805173.041000
390 267 1775805173.051000
387 263 1775805173.061000
385 262 1775805173.071000
384 260 1775805173.081000
383 258 1775805173.090000
382 255 1775805173.101000
381 253 1775805173.111000
381 251 1775805173.121000
381 249 1775805173.131000
381 245 1775805173.141000
381 242 1775805173.151000
381 239 1775805173.161000
382 237 1775805173.171000
385 232 1775805173.181000
386 231 1775805173.190000
389 228 1775805173.200000
392 226 1775805173.211000
398 224 1775805173.221000
401 223 1775805173.231000
404 223 1775805173.241000
408 223 1775805173.251000
414 223 1775805173.261000
418 223 1775805173.271000
419 223 1775805173.281000
422 223 1775805173.290000
427 225 1775805173.301000
429 226 1775805173.311000
431 228 1775805173.321000
432 229 1775805173.331000
434 231 1775805173.341000
434 232 1775805173.350000
435 232 1775805173.360000
435 233 1775805173.370000
435 233 1775805173.381000
435 234 1775805173.391000
435 234 1775805173.401000
435 234 1775805173.411000
435 235 1775805173.420000

