STROKE 1
193 233 1775805140.064000
193 233 1775805140.193000
193 232 1775805140.201000
193 231 1775805140.210000
193 230 1775805140.220000
193 229 1775805140.230000
194 229 1775805140.240000
197 228 1775805140.250000
199 228 1775805140.260000
200 228 1775805140.270000
203 228 1775805140.280000
209 228 1775805140.290000
209 228 1775805140.300000
211 229 1775805140.310000
213 229 1775805140.320000
215 233 1775805140.330000
216 235 1775805140.341000
216 236 1775805140.351000
216 239 1775805140.360000
216 243 1775805140.370000
216 245 1775805140.380000
216 247 1775805140.390000
215 249 1775805140.401000
212 253 1775805140.410000
210 254 1775805140.420000
207 256 1775805140.430000
206 257 1775805140.441000
200 259 1775805140.450000
199 259 1775805140.460000
194 259 1775805140.470000
192 259 1775805140.481000
188 259 1775805140.490000
187 258 1775805140.501000
185 256 1775805140.510000
183 255 1775805140.520000
179 250 1775805140.530000
177 248 1775805140.541000
176 245 1775805140.551000
175 243 1775805140.561000
174 236 1775805140.570000
173 232 1775805140.581000
173 228 1775805140.591000
173 226 1775805140.601000
173 221 1775805140.610000
173 218 1775805140.620000
173 216 1775805140.630000
175 214 1775805140.640000
177 209 1775805140.650000
178 208 1775805140.660000
180 205 1775805140.670000
181 203 1775805140.680000
186 200 1775805140.690000
187 199 1775805140.700000
189 197 1775805140.710000
191 197 1775805140.720000
195 195 1775805140.730000
197 194 1775805140.740000
198 193 1775805140.750000
200 193 1775805140.760000
203 191 1775805140.770000
205 191 1775805140.780000
206 190 1775805140.790000
207 190 1775805140.800000
210 189 1775805140.810000
211 189 1775805140.820000
212 189 1775805140.830000
213 189 1775805140.840000
214 189 1775805140.850000
214 189 1775805140.860000
214 189 1775805140.870000
214 189 1775805140.880000

STROKE 2
179 234 1775805141.852000
180 234 1775805142.041000
181 234 1775805142.052000
182 234 1775805142.061000
182 234 1775805142.071000
185 234 1775805142.080000
186 234 1775805142.091000
187 234 1775805142.101000
188 234 1775805142.111000
190 234 1775805142.120000
190 234 1775805142.131000
191 234 1775805142.141000
191 234 1775805142.151000
192 234 1775805142.160000
192 234 1775805142.171000
192 234 1775805142.181000
192 234 1775805142.191000
193 234 1775805142.200000
193 234 1775805142.211000
193 234 1775805142.221000
194 234 1775805142.230000
194 234 1775805142.240000
195 234 1775805142.250000
195 233 1775805142.260000
195 233 1775805142.270000
196 233 1775805142.280000
196 233 1775805142.290000
196 233 1775805142.300000
197 233 1775805142.310000
197 233 1775805142.320000
197 233 1775805142.376000
197 233 1775805142.400000
197 232 1775805142.432000
197 232 1775805142.440000
197 232 1775805142.450000
198 231 1775805142.460000
198 231 1775805142.470000
198 230 1775805142.480000
198 230 1775805142.490000
198 230 1775805142.501000
198 230 1775805142.510000
198 230 1775805142.575000
199 230 1775805142.600000

STROKE 3
273 199 1775805143.986000
273 199 1775805144.140000
273 201 1775805144.150000
273 204 1775805144.160000
273 207 1775805144.170000
273 213 1775805144.180000
273 216 1775805144.190000
273 219 1775805144.200000
273 224 1775805144.210000
273 229 1775805144.220000
274 233 1775805144.230000
275 236 1775805144.240000
277 239 1775805144.250000
280 243 1775805144.260000
281 244 1775805144.270000
283 246 1775805144.280000
285 247 1775805144.290000
287 248 1775805144.299000
291 249 1775805144.310000
295 250 1775805144.320000
297 250 1775805144.330000
302 250 1775805144.340000
304 249 1775805144.350000
307 248 1775805144.360000
309 246 1775805144.370000
314 243 1775805144.380000
317 241 1775805144.390000
319 239 1775805144.400000
321 236 1775805144.410000
324 233 1775805144.420000
325 231 1775805144.430000
327 228 1775805144.440000
327 225 1775805144.450000
328 220 1775805144.460000
328 217 1775805144.470000
328 215 1775805144.480000
328 212 1775805144.490000
328 207 1775805144.500000
328 205 1775805144.510000
327 202 1775805144.520000
326 200 1775805144.530000
325 198 1775805144.540000
324 194 1775805144.550000
323 193 1775805144.560000
323 191 1775805144.570000
322 190 1775805144.580000
321 189 1775805144.590000
321 189 1775805144.600000
321 188 1775805144.610000
320 188 1775805144.620000
320 188 1775805144.630000

STROKE 4
285 247 1775805145.520000
285 246 1775805145.659000
285 245 1775805145.670000
285 243 1775805145.680000
285 239 1775805145.690000
286 238 1775805145.700000
287 237 1775805145.710000
288 234 1775805145.720000
292 229 1775805145.730000
294 228 1775805145.740000
297 227 1775805145.750000
299 225 1775805145.760000
304 225 1775805145.770000
305 225 1775805145.780000
308 224 1775805145.790000
310 224 1775805145.800000
312 224 1775805145.811000
314 224 1775805145.821000
314 224 1775805145.830000
315 224 1775805145.841000
316 224 1775805145.851000
316 226 1775805145.861000
316 226 1775805145.871000
316 227 1775805145.881000
316 229 1775805145.890000
316 230 1775805145.900000
316 231 1775805145.909000
316 232 1775805145.920000
316 235 1775805145.930000
316 236 1775805145.940000
315 237 1775805145.950000
315 237 1775805145.960000
315 239 1775805145.970000
315 239 1775805145.980000
315 239 1775805145.989000
315 239 1775805146.000000
315 240 1775805146.010000
315 240 1775805146.021000
315 240 1775805146.031000
315 241 1775805146.041000
315 241 1775805146.050000
315 242 1775805146.061000
315 243 1775805146.070000
315 243 1775805146.081000
315 244 1775805146.090000

STROKE 5
303 251 1775805146.623000
303 252 1775805146.770000
303 253 1775805146.780000
303 255 1775805146.790000
302 258 1775805146.800000
300 263 1775805146.810000
300 264 1775805146.820000
298 267 1775805146.830000
298 269 1775805146.841000
295 274 1775805146.850000
293 275 1775805146.860000
292 277 1775805146.871000
291 279 1775805146.880000
287 283 1775805146.890000
286 284 1775805146.900000
285 285 1775805146.911000
284 287 1775805146.921000
281 289 1775805146.930000
280 290 1775805146.940000
278 291 1775805146.950000
277 291 1775805146.960000
274 292 1775805146.970000
274 292 1775805146.980000
273 292 1775805146.991000
272 292 1775805147.001000
270 292 1775805147.010000
269 292 1775805147.020000
268 292 1775805147.030000
267 291 1775805147.041000
265 290 1775805147.050000
264 289 1775805147.060000
262 288 1775805147.070000
261 287 1775805147.081000
259 284 1775805147.090000
258 282 1775805147.100000
257 281 1775805147.111000
256 279 1775805147.121000
254 276 1775805147.130000
254 274 1775805147.140000
253 272 1775805147.150000
252 269 1775805147.160000
251 267 1775805147.170000
251 264 1775805147.180000
251 261 1775805147.190000
251 258 1775805147.200000
251 250 1775805147.210000
251 245 1775805147.220000
251 242 1775805147.230000
251 236 1775805147.240000
252 230 1775805147.250000
252 227 1775805147.260000
254 223 1775805147.270000
255 219 1775805147.281000
257 213 1775805147.291000
257 211 1775805147.301000
258 208 1775805147.310000
259 202 1775805147.321000
260 200 1775805147.331000
260 198 1775805147.341000
261 196 1775805147.351000
261 192 1775805147.361000
261 191 1775805147.371000
261 189 1775805147.381000
261 188 1775805147.391000
261 183 1775805147.401000
261 182 1775805147.411000
261 180 1775805147.421000
261 177 1775805147.431000
261 175 1775805147.440000
261 170 1775805147.450000
261 168 1775805147.461000
261 166 1775805147.471000
261 161 1775805147.481000
261 159 1775805147.491000
261 157 1775805147.501000
261 155 1775805147.511000
262 152 1775805147.521000
263 151 1775805147.531000
263 150 1775805147.541000
264 149 1775805147.551000
264 147 1775805147.561000
265 146 1775805147.571000
265 145 1775805147.581000
266 145 1775805147.590000
268 143 1775805147.601000
268 142 1775805147.611000
269 142 1775805147.621000
270 141 1775805147.631000
272 141 1775805147.641000
273 141 1775805147.651000
274 141 1775805147.661000
275 140 1775805147.671000
278 140 1775805147.681000
279 140 1775805147.690000
282 140 1775805147.701000
283 140 1775805147.711000
287 141 1775805147.721000
289 141 1775805147.731000
291 142 1775805147.740000
293 143 1775805147.750000
296 145 1775805147.761000
298 146 1775805147.771000
299 146 1775805147.781000
300 147 1775805147.791000
303 148 1775805147.801000
304 149 1775805147.810000
305 149 1775805147.821000
306 150 1775805147.831000
307 150 1775805147.840000
308 151 1775805147.851000
309 151 1775805147.860000
309 152 1775805147.871000

STROKE 6
326 205 1775805148.644000
326 205 1775805148.791000
327 203 1775805148.800000
328 202 1775805148.811000
329 200 1775805148.821000
332 197 1775805148.831000
333 196 1775805148.840000
334 194 1775805148.850000
337 192 1775805148.861000
343 188 1775805148.870000
344 187 1775805148.880000
346 186 1775805148.890000
348 184 1775805148.901000
352 183 1775805148.910000
353 183 1775805148.920000
355 183 1775805148.930000
357 183 1775805148.941000
359 183 1775805148.950000
360 183 1775805148.960000
361 185 1775805148.970000
363 187 1775805148.981000
363 188 1775805148.990000
365 193 1775805149.000000
366 196 1775805149.011000
367 198 1775805149.020000
367 205 1775805149.030000
368 206 1775805149.040000
368 211 1775805149.050000
368 212 1775805149.061000
368 218 1775805149.070000
368 222 1775805149.080000
368 225 1775805149.090000
368 228 1775805149.101000
367 234 1775805149.110000
367 235 1775805149.121000
365 238 1775805149.131000
364 240 1775805149.141000
362 244 1775805149.150000
361 246 1775805149.160000
360 247 1775805149.170000
360 249 1775805149.180000
358 250 1775805149.190000
358 251 1775805149.200000
358 251 1775805149.210000
357 251 1775805149.221000
357 252 1775805149.230000
357 252 1775805149.240000
356 252 1775805149.250000
356 252 1775805149.260000
355 252 1775805149.271000

STROKE 7
390 229 1775805149.827000
390 229 1775805149.950000
390 228 1775805149.960000
389 227 1775805149.971000
389 226 1775805149.980000
388 223 1775805149.990000
388 222 1775805150.000000
388 220 1775805150.011000
388 217 1775805150.021000
388 211 1775805150.030000
388 208 1775805150.041000
388 207 1775805150.050000
388 205 1775805150.061000
391 201 1775805150.071000
393 198 1775805150.081000
394 197 1775805150.090000
396 196 1775805150.101000
400 194 1775805150.111000
401 193 1775805150.121000
403 193 1775805150.130000
404 193 1775805150.141000
408 192 1775805150.150000
410 192 1775805150.161000
411 192 1775805150.171000
413 193 1775805150.180000
416 196 1775805150.191000
416 198 1775805150.201000
418 200 1775805150.211000
419 202 1775805150.221000
420 206 1775805150.231000
421 208 1775805150.241000
421 210 1775805150.251000
421 212 1775805150.261000
421 215 1775805150.271000
421 216 1775805150.280000
421 218 1775805150.290000
422 220 1775805150.301000
422 221 1775805150.311000
422 222 1775805150.320000
422 223 1775805150.330000
422 223 1775805150.340000
422 224 1775805150.350000
422 224 1775805150.359000
422 223 1775805150.380000
422 222 1775805150.390000
422 219 1775805150.401000
422 216 1775805150.411000
422 213 1775805150.421000
422 206 1775805150.431000
422 202 1775805150.441000
422 199 1775805150.451000
422 197 1775805150.461000
423 191 1775805150.471000
423 188 1775805150.481000
424 187 1775805150.491000
426 185 1775805150.501000
428 182 1775805150.511000
430 181 1775805150.521000
431 180 1775805150.531000
432 180 1775805150.541000
435 179 1775805150.551000
436 179 1775805150.561000
438 179 1775805150.571000
440 179 1775805150.581000
442 179 1775805150.591000
444 180 1775805150.600000
445 180 1775805150.610000
448 182 1775805150.621000
449 183 1775805150.631000
450 184 1775805150.641000
451 185 1775805150.651000
452 188 1775805150.661000
453 189 1775805150.671000
453 191 1775805150.681000
453 193 1775805150.691000
453 198 1775805150.701000
453 200 1775805150.711000
453 202 1775805150.721000
453 205 1775805150.731000
453 211 1775805150.741000
452 212 1775805150.751000
452 215 1775805150.760000
451 217 1775805150.771000
451 219 1775805150.780000
449 223 1775805150.791000
449 224 1775805150.801000
448 225 1775805150.811000
448 227 1775805150.821000
448 227 1775805150.831000
448 228 1775805150.841000
448 228 1775805150.851000
447 228 1775805150.861000

STROKE 8
440 180 1775805151.544000
440 180 1775805151.659000
439 180 1775805151.670000
438 180 1775805151.681000
436 180 1775805151.691000
430 180 1775805151.701000
427 180 1775805151.711000
423 180 1775805151.721000
420 180 1775805151.731000
413 178 1775805151.740000
410 177 1775805151.751000
408 175 1775805151.761000
407 174 1775805151.770000
403 170 1775805151.781000
402 168 1775805151.791000
401 166 1775805151.801000
400 165 1775805151.810000
399 161 1775805151.821000
399 158 1775805151.830000
399 156 1775805151.840000
399 152 1775805151.851000
400 151 1775805151.860000
402 147 1775805151.871000
404 146 1775805151.880000
407 145 1775805151.889000
413 142 1775805151.900000
416 142 1775805151.910000
421 142 1775805151.920000
424 142 1775805151.929000
432 142 1775805151.940000
434 142 1775805151.950000
438 142 1775805151.960000
443 143 1775805151.970000
444 143 1775805151.980000
446 143 1775805151.990000
447 144 1775805152.000000
449 145 1775805152.010000
449 145 1775805152.020000
450 145 1775805152.030000
450 145 1775805152.040000
450 145 1775805152.050000
451 145 1775805152.070000
451 146 1775805152.079000
451 146 1775805152.090000

