STROKE 1
208 423 1775578096.909000
209 419 1775578096.910000
211 415 1775578096.918000
212 412 1775578096.929000
216 405 1775578096.938000
218 403 1775578096.949000
221 400 1775578096.959000
224 398 1775578096.969000
230 396 1775578096.979000
234 396 1775578096.989000
238 396 1775578096.999000
241 396 1775578097.009000
251 396 1775578097.019000
256 396 1775578097.029000
260 398 1775578097.039000
270 403 1775578097.049000
275 407 1775578097.059000
280 412 1775578097.069000
285 416 1775578097.079000
290 420 1775578097.089000
296 433 1775578097.099000
298 438 1775578097.109000
300 445 1775578097.119000
301 450 1775578097.129000
302 461 1775578097.139000
302 465 1775578097.149000
302 470 1775578097.158000
300 481 1775578097.169000
298 485 1775578097.178000
295 489 1775578097.188000
290 495 1775578097.199000
282 502 1775578097.209000
277 506 1775578097.219000
272 508 1775578097.229000
267 511 1775578097.239000
256 513 1775578097.249000
249 514 1775578097.259000
243 515 1775578097.269000
237 515 1775578097.278000
224 515 1775578097.288000
221 515 1775578097.299000
216 514 1775578097.309000
212 513 1775578097.318000
208 512 1775578097.328000
203 509 1775578097.339000
201 509 1775578097.349000
199 507 1775578097.359000
198 505 1775578097.368000
195 501 1775578097.378000
193 499 1775578097.389000
192 497 1775578097.399000
190 492 1775578097.409000
189 490 1775578097.419000
188 488 1775578097.429000
187 486 1775578097.438000
186 480 1775578097.449000
186 478 1775578097.458000
185 476 1775578097.469000
185 473 1775578097.479000
185 469 1775578097.489000
185 466 1775578097.499000
185 464 1775578097.509000
185 462 1775578097.519000
185 456 1775578097.528000
187 453 1775578097.538000
188 451 1775578097.549000
191 448 1775578097.558000
194 445 1775578097.569000
196 444 1775578097.579000
197 442 1775578097.589000
198 441 1775578097.599000
199 440 1775578097.609000
200 440 1775578097.618000
200 440 1775578097.629000
200 439 1775578097.639000
200 439 1775578097.649000
201 438 1775578097.659000
201 438 1775578097.668000
202 437 1775578097.679000
203 435 1775578097.689000
204 435 1775578097.699000
205 434 1775578097.709000
206 433 1775578097.718000
208 431 1775578097.729000
208 430 1775578097.739000
209 430 1775578097.749000
210 429 1775578097.759000
212 427 1775578097.769000
213 426 1775578097.779000
213 425 1775578097.789000
214 424 1775578097.799000
215 423 1775578097.809000
215 421 1775578097.818000
216 421 1775578097.829000
216 419 1775578097.839000
217 418 1775578097.849000
217 417 1775578097.859000
217 416 1775578097.869000
217 416 1775578097.879000
217 415 1775578097.889000
217 414 1775578097.899000
217 414 1775578097.909000
217 413 1775578097.919000
217 413 1775578097.928000
217 412 1775578097.938000
217 412 1775578097.948000
217 411 1775578097.958000
217 410 1775578097.968000
218 410 1775578097.979000
218 410 1775578098.009000

STROKE 2
298 428 1775578099.529000
298 427 1775578099.605000
298 426 1775578099.619000
298 425 1775578099.629000
298 421 1775578099.639000
299 419 1775578099.649000
301 418 1775578099.659000
303 416 1775578099.668000
307 412 1775578099.679000
311 410 1775578099.689000
314 408 1775578099.699000
323 406 1775578099.709000
327 406 1775578099.718000
331 406 1775578099.729000
335 406 1775578099.739000
338 406 1775578099.748000
346 407 1775578099.759000
351 410 1775578099.769000
354 412 1775578099.779000
360 417 1775578099.789000
365 422 1775578099.799000
365 423 1775578099.809000
368 426 1775578099.819000
372 433 1775578099.829000
373 435 1775578099.838000
375 439 1775578099.849000
375 441 1775578099.859000
376 445 1775578099.868000
376 452 1775578099.879000
376 454 1775578099.889000
376 459 1775578099.899000
376 466 1775578099.908000
374 471 1775578099.919000
374 473 1775578099.929000
372 478 1775578099.939000
370 483 1775578099.949000
369 486 1775578099.959000
367 489 1775578099.969000
366 492 1775578099.979000
364 497 1775578099.989000
363 499 1775578099.999000
362 501 1775578100.009000
361 503 1775578100.018000
359 505 1775578100.029000
358 506 1775578100.039000
358 508 1775578100.048000
357 508 1775578100.059000
356 509 1775578100.068000
356 510 1775578100.079000
356 510 1775578100.089000
356 510 1775578100.099000
355 510 1775578100.119000

STROKE 3
422 423 1775578100.736000
422 422 1775578100.899000
422 424 1775578100.909000
421 427 1775578100.918000
421 431 1775578100.929000
421 436 1775578100.939000
420 439 1775578100.949000
420 441 1775578100.958000
420 448 1775578100.969000
420 453 1775578100.979000
420 465 1775578100.989000
420 469 1775578100.999000
420 476 1775578101.009000
422 487 1775578101.019000
424 493 1775578101.029000
426 497 1775578101.039000
428 500 1775578101.049000
430 504 1775578101.058000
434 509 1775578101.068000
438 511 1775578101.079000
441 512 1775578101.089000
449 513 1775578101.099000
453 513 1775578101.109000
458 513 1775578101.118000
463 513 1775578101.129000
472 508 1775578101.139000
475 505 1775578101.149000
475 504 1775578102.248000
475 503 1775578102.257000
476 500 1775578102.268000
477 497 1775578102.278000
482 489 1775578102.288000
483 486 1775578102.298000
487 480 1775578102.308000
487 478 1775578102.318000
489 474 1775578102.327000
491 468 1775578102.337000
492 465 1775578102.348000
492 464 1775578102.358000
493 460 1775578102.368000
493 458 1775578102.378000
494 456 1775578102.388000
494 454 1775578102.398000
494 451 1775578102.408000
494 450 1775578102.419000
494 448 1775578102.429000
494 446 1775578102.439000
494 444 1775578102.449000
494 443 1775578102.459000
494 442 1775578102.469000
494 441 1775578102.479000
494 439 1775578102.489000
493 438 1775578102.499000
493 438 1775578102.509000
493 437 1775578102.519000
492 436 1775578102.529000
492 436 1775578102.539000
492 435 1775578102.548000
491 435 1775578102.559000
490 434 1775578102.569000
489 433 1775578102.579000
489 433 1775578102.589000
489 433 1775578102.599000
488 432 1775578102.609000
488 432 1775578102.619000
488 432 1775578102.629000
488 432 1775578102.639000
487 432 1775578102.669000
487 432 1775578102.745000
487 435 1775578102.759000
488 442 1775578102.768000
490 448 1775578102.779000
491 454 1775578102.788000
493 460 1775578102.799000
497 473 1775578102.809000
498 476 1775578102.818000
500 484 1775578102.828000
501 487 1775578102.839000
504 494 1775578102.849000
506 496 1775578102.859000
508 498 1775578102.869000
511 502 1775578102.879000
517 504 1775578102.888000
521 505 1775578102.899000
524 506 1775578102.909000
528 507 1775578102.919000
533 508 1775578102.928000
536 508 1775578102.939000
539 508 1775578102.948000
541 508 1775578102.959000
545 508 1775578102.969000
546 508 1775578102.978000
549 506 1775578102.989000
549 505 1775578102.999000
553 500 1775578103.009000
554 496 1775578103.018000
555 492 1775578103.028000
555 489 1775578103.038000
556 479 1775578103.049000
557 472 1775578103.058000
557 467 1775578103.069000
558 460 1775578103.079000
558 447 1775578103.089000
558 444 1775578103.098000
558 438 1775578103.109000
558 435 1775578103.119000
558 428 1775578103.129000
558 426 1775578103.139000
558 423 1775578103.149000
556 422 1775578103.159000
554 418 1775578103.169000
552 417 1775578103.179000
551 415 1775578103.189000
550 413 1775578103.199000
547 410 1775578103.208000
546 409 1775578103.219000
544 407 1775578103.229000
543 406 1775578103.238000
541 405 1775578103.249000
541 405 1775578103.258000
540 404 1775578103.268000
540 404 1775578103.279000
540 404 1775578103.289000

STROKE 4
540 404 1775578103.788000
540 404 1775578103.798000
539 404 1775578103.808000
539 404 1775578103.818000
539 404 1775578103.829000
537 404 1775578103.839000
537 404 1775578103.849000
536 404 1775578103.859000
535 404 1775578103.869000
533 404 1775578103.879000
532 404 1775578103.889000
530 404 1775578103.899000
527 404 1775578103.909000
522 404 1775578103.918000
521 404 1775578103.928000
518 404 1775578103.939000
515 403 1775578103.949000
510 401 1775578103.959000
509 400 1775578103.969000
505 399 1775578103.979000
503 397 1775578103.989000
498 394 1775578103.999000
497 393 1775578104.008000
494 390 1775578104.019000
493 389 1775578104.029000
490 385 1775578104.039000
488 383 1775578104.049000
486 381 1775578104.058000
485 379 1775578104.068000
482 375 1775578104.079000
481 373 1775578104.089000
480 371 1775578104.099000
480 368 1775578104.109000
478 364 1775578104.118000
478 361 1775578104.129000
477 358 1775578104.139000
477 355 1775578104.149000
477 350 1775578104.159000
477 348 1775578104.169000
477 344 1775578104.178000
479 342 1775578104.189000
484 338 1775578104.199000
485 337 1775578104.209000
489 335 1775578104.219000
491 333 1775578104.228000
496 330 1775578104.239000
499 329 1775578104.248000
502 327 1775578104.259000
505 326 1775578104.268000
512 324 1775578104.279000
515 324 1775578104.289000
516 324 1775578104.299000
520 323 1775578104.309000
526 323 1775578104.319000
528 323 1775578104.329000
531 323 1775578104.338000
533 323 1775578104.349000
537 323 1775578104.358000
539 323 1775578104.368000
540 324 1775578104.378000
542 325 1775578104.389000
544 327 1775578104.399000
544 328 1775578104.409000
545 329 1775578104.418000
545 329 1775578104.429000
546 331 1775578104.438000
547 332 1775578104.448000
548 333 1775578104.458000
548 335 1775578104.469000
549 338 1775578104.479000
549 340 1775578104.489000
550 341 1775578104.499000
550 342 1775578104.509000
551 344 1775578104.518000
551 345 1775578104.529000
551 345 1775578104.539000
551 346 1775578104.548000
551 347 1775578104.558000

